    1  1.000000000000 -0.003133500000
    2  0.961939766256  0.000311531412
    3  0.853553390593 -0.003868863335
    4  0.691341716183 -0.027801985943
    5  0.500000000000 -0.043212920256
    6  0.308658283817 -0.044802415563
    7  0.146446609407 -0.037038176068
    8  0.038060233744 -0.021293333521
    9  0.000000000000  0.000000000000
   10  0.038060233744  0.044654317298
   11  0.146446609407  0.092335629454
   12  0.308658283817  0.116407927484
   13  0.500000000000  0.114380028132
   14  0.691341716183  0.077067639938
   15  0.853553390593  0.036350624066
   16  0.961939766256  0.007868864033
   17  1.000000000000 -0.003133500000
