    1  1.000000000000 -0.003133500000
    2  0.999849409348 -0.003116273646
    3  0.999397728103 -0.003064733274
    4  0.998645228339 -0.002979300658
    5  0.997592363336 -0.002860697513
    6  0.996239767299 -0.002709972697
    7  0.994588254982 -0.002528538451
    8  0.992638821194 -0.002318213902
    9  0.990392640202 -0.002081273623
   10  0.987851065019 -0.001820498685
   11  0.985015626597 -0.001539227347
   12  0.981888032898 -0.001241402323
   13  0.978470167866 -0.000931611449
   14  0.974764090297 -0.000615118547
   15  0.970772032592 -0.000297881362
   16  0.966496399417  0.000013446373
   17  0.961939766256  0.000311531412
   18  0.957104877852  0.000588398310
   19  0.951994646562  0.000835489394
   20  0.946612150598  0.001043748676
   21  0.940960632174  0.001203730356
   22  0.935043495554  0.001305731875
   23  0.928864305000  0.001339950742
   24  0.922426782625  0.001296663580
   25  0.915734806151  0.001166425037
   26  0.908792406576  0.000940283422
   27  0.901603765740  0.000610009135
   28  0.894173213813  0.000168331197
   29  0.886505226681 -0.000390823490
   30  0.878604423253 -0.001072094167
   31  0.870475562677 -0.001878460093
   32  0.862123541476 -0.002811031268
   33  0.853553390593 -0.003868863335
   34  0.844770272369 -0.005048804194
   35  0.835779477424 -0.006345379902
   36  0.826586421477 -0.007750727373
   37  0.817196642082 -0.009252950012
   38  0.807615795290 -0.010799802563
   39  0.797849652246 -0.012366504739
   40  0.787904095709 -0.013947094289
   41  0.777785116510 -0.015535490959
   42  0.767498809944 -0.017125556160
   43  0.757051372097 -0.018711152880
   44  0.746449096115 -0.020286205015
   45  0.735698368413 -0.021844755296
   46  0.724805664827 -0.023381021042
   47  0.713777546715 -0.024889446967
   48  0.702620657002 -0.026364754353
   49  0.691341716183 -0.027801985943
   50  0.679947518267 -0.029196545980
   51  0.668444926696 -0.030544234889
   52  0.656840870199 -0.031841278188
   53  0.645142338627 -0.033084349307
   54  0.633356378737 -0.034270586070
   55  0.621490089952 -0.035397600721
   56  0.609550620078 -0.036463483433
   57  0.597545161008 -0.037466799383
   58  0.585480944380 -0.038406579527
   59  0.573365237228 -0.039282305346
   60  0.561205337600 -0.040093887877
   61  0.549008570165 -0.040841641481
   62  0.536782281800 -0.041526252822
   63  0.524533837164 -0.042148745638
   64  0.512270614261 -0.042710441931
   65  0.500000000000 -0.043212920256
   66  0.487729385739 -0.043657971810
   67  0.475466162836 -0.044047555095
   68  0.463217718200 -0.044383749887
   69  0.450991429835 -0.044668711291
   70  0.438794662400 -0.044904624642
   71  0.426634762772 -0.045093661978
   72  0.414519055620 -0.045237940805
   73  0.402454838992 -0.045339485812
   74  0.390449379922 -0.045400194158
   75  0.378509910048 -0.045421804870
   76  0.366643621263 -0.045405872851
   77  0.354857661373 -0.045353747894
   78  0.343159129801 -0.045266559020
   79  0.331555073304 -0.045145204386
   80  0.320052481733 -0.044990346896
   81  0.308658283817 -0.044802415563
   82  0.297379342998 -0.044581612576
   83  0.286222453285 -0.044327925931
   84  0.275194335173 -0.044041147398
   85  0.264301631587 -0.043720895495
   86  0.253550903885 -0.043366643068
   87  0.242948627903 -0.042977749001
   88  0.232501190056 -0.042553493504
   89  0.222214883490 -0.042093116368
   90  0.212095904291 -0.041595857521
   91  0.202150347754 -0.041060999198
   92  0.192384204710 -0.040487908976
   93  0.182803357918 -0.039876082930
   94  0.173413578523 -0.039225188161
   95  0.164220522576 -0.038535103923
   96  0.155229727631 -0.037805960637
   97  0.146446609407 -0.037038176068
   98  0.137876458524 -0.036232488007
   99  0.129524437323 -0.035389982823
  100  0.121395576747 -0.034512119353
  101  0.113494773319 -0.033600747616
  102  0.105826786187 -0.032658121948
  103  0.098396234260 -0.031686908221
  104  0.091207593424 -0.030690184918
  105  0.084265193849 -0.029671437890
  106  0.077573217375 -0.028634548766
  107  0.071135695000 -0.027583777036
  108  0.064956504446 -0.026523735969
  109  0.059039367826 -0.025459362569
  110  0.053387849402 -0.024395881926
  111  0.048005353438 -0.023338873818
  112  0.042895122148 -0.022304701113
  113  0.038060233744 -0.021293333521
  114  0.033503600583 -0.020292467677
  115  0.029227967408 -0.019290267323
  116  0.025235909703 -0.018275415146
  117  0.021529832134 -0.017237162427
  118  0.018111967102 -0.016165376312
  119  0.014984373403 -0.015050584473
  120  0.012148934981 -0.013884016969
  121  0.009607359798 -0.012657645122
  122  0.007361178806 -0.011364217233
  123  0.005411745018 -0.009997290971
  124  0.003760232701 -0.008551262306
  125  0.002407636664 -0.007021390841
  126  0.001354771661 -0.005403821436
  127  0.000602271897 -0.003695602029
  128  0.000150590652 -0.001894697569
  129  0.000000000000  0.000000000000
  130  0.000150590652  0.002013731565
  131  0.000602271897  0.004169204684
  132  0.001354771661  0.006462902211
  133  0.002407636664  0.008889259905
  134  0.003760232701  0.011440819555
  135  0.005411745018  0.014108441673
  136  0.007361178806  0.016881576051
  137  0.009607359798  0.019748588091
  138  0.012148934981  0.022697138307
  139  0.014984373403  0.025714612005
  140  0.018111967102  0.028788595725
  141  0.021529832134  0.031907396647
  142  0.025235909703  0.035060600769
  143  0.029227967408  0.038239665368
  144  0.033503600583  0.041438540910
  145  0.038060233744  0.044654317298
  146  0.042895122148  0.047887889112
  147  0.048005353438  0.051144634266
  148  0.053387849402  0.054423740753
  149  0.059039367826  0.057705434122
  150  0.064956504446  0.060972373375
  151  0.071135695000  0.064208389215
  152  0.077573217375  0.067398612601
  153  0.084265193849  0.070529584755
  154  0.091207593424  0.073589340909
  155  0.098396234260  0.076567466780
  156  0.105826786187  0.079455127313
  157  0.113494773319  0.082245067625
  158  0.121395576747  0.084931586629
  159  0.129524437323  0.087510484229
  160  0.137876458524  0.089978983472
  161  0.146446609407  0.092335629454
  162  0.155229727631  0.094580167186
  163  0.164220522576  0.096713400991
  164  0.173413578523  0.098737038341
  165  0.182803357918  0.100653521297
  166  0.192384204710  0.102465848961
  167  0.202150347754  0.104177394512
  168  0.212095904291  0.105791720497
  169  0.222214883490  0.107312396105
  170  0.232501190056  0.108742820137
  171  0.242948627903  0.110086053281
  172  0.253550903885  0.111344663206
  173  0.264301631587  0.112520585730
  174  0.275194335173  0.113615005090
  175  0.286222453285  0.114628256025
  176  0.297379342998  0.115559749996
  177  0.308658283817  0.116407927484
  178  0.320052481733  0.117170237836
  179  0.331555073304  0.117843147677
  180  0.343159129801  0.118422178364
  181  0.354857661373  0.118901972496
  182  0.366643621263  0.119276388914
  183  0.378509910048  0.119538625135
  184  0.390449379922  0.119681365650
  185  0.402454838992  0.119696953995
  186  0.414519055620  0.119577586059
  187  0.426634762772  0.119315521647
  188  0.438794662400  0.118903310930
  189  0.450991429835  0.118334032041
  190  0.463217718200  0.117601535829
  191  0.475466162836  0.116700693511
  192  0.487729385739  0.115627642819
  193  0.500000000000  0.114380028132
  194  0.512270614261  0.112957230047
  195  0.524533837164  0.111360579919
  196  0.536782281800  0.109593554965
  197  0.549008570165  0.107661949766
  198  0.561205337600  0.105574020229
  199  0.573365237228  0.103340596405
  200  0.585480944380  0.100975160956
  201  0.597545161008  0.098493890492
  202  0.609550620078  0.095915657523
  203  0.621490089952  0.093261991293
  204  0.633356378737  0.090556996359
  205  0.645142338627  0.087827228390
  206  0.656840870199  0.085101527286
  207  0.668444926696  0.082410808366
  208  0.679947518267  0.079753442831
  209  0.691341716183  0.077067639938
  210  0.702620657002  0.074361633255
  211  0.713777546715  0.071646205637
  212  0.724805664827  0.068931014523
  213  0.735698368413  0.066224637245
  214  0.746449096115  0.063534623456
  215  0.757051372097  0.060867553738
  216  0.767498809944  0.058229103401
  217  0.777785116510  0.055624110487
  218  0.787904095709  0.053056646996
  219  0.797849652246  0.050530092330
  220  0.807615795290  0.048047208022
  221  0.817196642082  0.045610212786
  222  0.826586421477  0.043220857014
  223  0.835779477424  0.040880495857
  224  0.844770272369  0.038590160094
  225  0.853553390593  0.036350624066
  226  0.862123541476  0.034162469981
  227  0.870475562677  0.032026148029
  228  0.878604423253  0.029942031754
  229  0.886505226681  0.027910468267
  230  0.894173213813  0.025931822940
  231  0.901603765740  0.024006518303
  232  0.908792406576  0.022135066965
  233  0.915734806151  0.020318098457
  234  0.922426782625  0.018556379978
  235  0.928864305000  0.016850831110
  236  0.935043495554  0.015202532635
  237  0.940960632174  0.013612729684
  238  0.946612150598  0.012082829486
  239  0.951994646562  0.010614394079
  240  0.957104877852  0.009209128372
  241  0.961939766256  0.007868864033
  242  0.966496399417  0.006595539690
  243  0.970772032592  0.005391177976
  244  0.974764090297  0.004257859999
  245  0.978470167866  0.003197697800
  246  0.981888032898  0.002212805408
  247  0.985015626597  0.001305269080
  248  0.987851065019  0.000477117326
  249  0.990392640202 -0.000269708710
  250  0.992638821194 -0.000933383940
  251  0.994588254982 -0.001512226582
  252  0.996239767299 -0.002004723454
  253  0.997592363336 -0.002409552882
  254  0.998645228339 -0.002725604791
  255  0.999397728103 -0.002951997645
  256  0.999849409348 -0.003088091939
  257  1.000000000000 -0.003133500000
