    1  1.000000000000 -0.003133500000
    2  0.990392640202 -0.002081273623
    3  0.961939766256  0.000311531412
    4  0.915734806151  0.001166425037
    5  0.853553390593 -0.003868863335
    6  0.777785116510 -0.015535490959
    7  0.691341716183 -0.027801985943
    8  0.597545161008 -0.037466799383
    9  0.500000000000 -0.043212920256
   10  0.402454838992 -0.045339485812
   11  0.308658283817 -0.044802415563
   12  0.222214883490 -0.042093116368
   13  0.146446609407 -0.037038176068
   14  0.084265193849 -0.029671437890
   15  0.038060233744 -0.021293333521
   16  0.009607359798 -0.012657645122
   17  0.000000000000  0.000000000000
   18  0.009607359798  0.019748588091
   19  0.038060233744  0.044654317298
   20  0.084265193849  0.070529584755
   21  0.146446609407  0.092335629454
   22  0.222214883490  0.107312396105
   23  0.308658283817  0.116407927484
   24  0.402454838992  0.119696953995
   25  0.500000000000  0.114380028132
   26  0.597545161008  0.098493890492
   27  0.691341716183  0.077067639938
   28  0.777785116510  0.055624110487
   29  0.853553390593  0.036350624066
   30  0.915734806151  0.020318098457
   31  0.961939766256  0.007868864033
   32  0.990392640202 -0.000269708710
   33  1.000000000000 -0.003133500000
