    1  1.000000000000 -0.003133500000
    2  0.999962350920 -0.003129191256
    3  0.999849409348 -0.003116273646
    4  0.999661192294 -0.003094773131
    5  0.999397728103 -0.003064733274
    6  0.999059056450 -0.003026215690
    7  0.998645228339 -0.002979300658
    8  0.998156306091 -0.002924087900
    9  0.997592363336 -0.002860697513
   10  0.996953485001 -0.002789271045
   11  0.996239767299 -0.002709972697
   12  0.995451317714 -0.002622990644
   13  0.994588254982 -0.002528538451
   14  0.993650709079 -0.002426856571
   15  0.992638821194 -0.002318213902
   16  0.991552743716 -0.002202909386
   17  0.990392640202 -0.002081273623
   18  0.989158685360 -0.001953670483
   19  0.987851065019 -0.001820498685
   20  0.986469976103 -0.001682193330
   21  0.985015626597 -0.001539227347
   22  0.983488235522 -0.001392112843
   23  0.981888032898 -0.001241402323
   24  0.980215259708 -0.001087689752
   25  0.978470167866 -0.000931611449
   26  0.976653020177 -0.000773846765
   27  0.974764090297 -0.000615118547
   28  0.972803662690 -0.000456193347
   29  0.970772032592 -0.000297881362
   30  0.968669505956 -0.000141036081
   31  0.966496399417  0.000013446373
   32  0.964253040237  0.000164628232
   33  0.961939766256  0.000311531412
   34  0.959556925845  0.000453139202
   35  0.957104877852  0.000588398310
   36  0.954583991545  0.000716221300
   37  0.951994646562  0.000835489394
   38  0.949337232847  0.000945055677
   39  0.946612150598  0.001043748676
   40  0.943819810201  0.001130376333
   41  0.940960632174  0.001203730356
   42  0.938035047098  0.001262590943
   43  0.935043495554  0.001305731875
   44  0.931986428061  0.001331925946
   45  0.928864305000  0.001339950742
   46  0.925677596553  0.001328594720
   47  0.922426782625  0.001296663580
   48  0.919112352777  0.001242986907
   49  0.915734806151  0.001166425037
   50  0.912294651393  0.001065876132
   51  0.908792406576  0.000940283422
   52  0.905228599126  0.000788642571
   53  0.901603765740  0.000610009135
   54  0.897918452304  0.000403506063
   55  0.894173213813  0.000168331197
   56  0.890368614286 -0.000096235280
   57  0.886505226681 -0.000390823490
   58  0.882583632811 -0.000715966668
   59  0.878604423253 -0.001072094167
   60  0.874568197262 -0.001459524733
   61  0.870475562677 -0.001878460093
   62  0.866327135836 -0.002328978927
   63  0.862123541476 -0.002811031268
   64  0.857865412642 -0.003324433405
   65  0.853553390593 -0.003868863335
   66  0.849188124704 -0.004443856834
   67  0.844770272369 -0.005048804194
   68  0.840300498898 -0.005682947702
   69  0.835779477424 -0.006345379902
   70  0.831207888795 -0.007035042700
   71  0.826586421477 -0.007750727373
   72  0.821915771445 -0.008491075534
   73  0.817196642082 -0.009252950012
   74  0.812429744071 -0.010023528666
   75  0.807615795290 -0.010799802563
   76  0.802755520702 -0.011581041629
   77  0.797849652246 -0.012366504739
   78  0.792898928728 -0.013155441538
   79  0.787904095709 -0.013947094289
   80  0.782865905392 -0.014740699731
   81  0.777785116510 -0.015535490959
   82  0.772662494211 -0.016330699293
   83  0.767498809944 -0.017125556160
   84  0.762294841339 -0.017919294952
   85  0.757051372097 -0.018711152880
   86  0.751769191863 -0.019500372801
   87  0.746449096115 -0.020286205015
   88  0.741091886040 -0.021067909031
   89  0.735698368413 -0.021844755296
   90  0.730269355479 -0.022616026867
   91  0.724805664827 -0.023381021042
   92  0.719308119269 -0.024139050933
   93  0.713777546715 -0.024889446967
   94  0.708214780049 -0.025631558334
   95  0.702620657002 -0.026364754353
   96  0.696996020031 -0.027088425763
   97  0.691341716183 -0.027801985943
   98  0.685658596976 -0.028504872032
   99  0.679947518267 -0.029196545980
  100  0.674209340125 -0.029876495491
  101  0.668444926696 -0.030544234889
  102  0.662655146081 -0.031199305873
  103  0.656840870199 -0.031841278188
  104  0.651002974660 -0.032469750189
  105  0.645142338627 -0.033084349307
  106  0.639259844693 -0.033684732410
  107  0.633356378737 -0.034270586070
  108  0.627432829802 -0.034841626722
  109  0.621490089952 -0.035397600721
  110  0.615529054140 -0.035938284301
  111  0.609550620078 -0.036463483433
  112  0.603555688096 -0.036973033585
  113  0.597545161008 -0.037466799383
  114  0.591519943978 -0.037944674179
  115  0.585480944380 -0.038406579527
  116  0.579429071667 -0.038852464572
  117  0.573365237228 -0.039282305346
  118  0.567290354254 -0.039696103986
  119  0.561205337600 -0.040093887877
  120  0.555111103647 -0.040475708710
  121  0.549008570165 -0.040841641481
  122  0.542898656172 -0.041191783412
  123  0.536782281800 -0.041526252822
  124  0.530660368151 -0.041845187934
  125  0.524533837164 -0.042148745638
  126  0.518403611471 -0.042437100197
  127  0.512270614261 -0.042710441931
  128  0.506135769143 -0.042968975848
  129  0.500000000000 -0.043212920256
  130  0.493864230857 -0.043442505356
  131  0.487729385739 -0.043657971810
  132  0.481596388529 -0.043859569302
  133  0.475466162836 -0.044047555095
  134  0.469339631849 -0.044222192589
  135  0.463217718200 -0.044383749887
  136  0.457101343828 -0.044532498368
  137  0.450991429835 -0.044668711291
  138  0.444888896353 -0.044792662413
  139  0.438794662400 -0.044904624642
  140  0.432709645746 -0.045004868725
  141  0.426634762772 -0.045093661978
  142  0.420570928333 -0.045171267061
  143  0.414519055620 -0.045237940805
  144  0.408480056022 -0.045293933094
  145  0.402454838992 -0.045339485812
  146  0.396444311904 -0.045374831844
  147  0.390449379922 -0.045400194158
  148  0.384470945860 -0.045415784950
  149  0.378509910048 -0.045421804870
  150  0.372567170198 -0.045418442322
  151  0.366643621263 -0.045405872851
  152  0.360740155307 -0.045384258606
  153  0.354857661373 -0.045353747894
  154  0.348997025340 -0.045314474821
  155  0.343159129801 -0.045266559020
  156  0.337344853919 -0.045210105465
  157  0.331555073304 -0.045145204386
  158  0.325790659875 -0.045071931258
  159  0.320052481733 -0.044990346896
  160  0.314341403024 -0.044900497629
  161  0.308658283817 -0.044802415563
  162  0.303003979969 -0.044696118941
  163  0.297379342998 -0.044581612576
  164  0.291785219951 -0.044458888371
  165  0.286222453285 -0.044327925931
  166  0.280691880731 -0.044188693234
  167  0.275194335173 -0.044041147398
  168  0.269730644521 -0.043885235504
  169  0.264301631587 -0.043720895495
  170  0.258908113960 -0.043548057143
  171  0.253550903885 -0.043366643068
  172  0.248230808137 -0.043176569818
  173  0.242948627903 -0.042977749001
  174  0.237705158661 -0.042770088463
  175  0.232501190056 -0.042553493504
  176  0.227337505789 -0.042327868137
  177  0.222214883490 -0.042093116368
  178  0.217134094608 -0.041849143512
  179  0.212095904291 -0.041595857521
  180  0.207101071272 -0.041333170327
  181  0.202150347754 -0.041060999198
  182  0.197244479298 -0.040779268084
  183  0.192384204710 -0.040487908976
  184  0.187570255929 -0.040186863236
  185  0.182803357918 -0.039876082930
  186  0.178084228555 -0.039555532124
  187  0.173413578523 -0.039225188161
  188  0.168792111205 -0.038885042900
  189  0.164220522576 -0.038535103923
  190  0.159699501102 -0.038175395686
  191  0.155229727631 -0.037805960637
  192  0.150811875296 -0.037426860258
  193  0.146446609407 -0.037038176068
  194  0.142134587358 -0.036640010550
  195  0.137876458524 -0.036232488007
  196  0.133672864164 -0.035815755353
  197  0.129524437323 -0.035389982823
  198  0.125431802738 -0.034955364598
  199  0.121395576747 -0.034512119353
  200  0.117416367189 -0.034060490712
  201  0.113494773319 -0.033600747616
  202  0.109631385714 -0.033133184595
  203  0.105826786187 -0.032658121948
  204  0.102081547696 -0.032175905827
  205  0.098396234260 -0.031686908221
  206  0.094771400874 -0.031191526844
  207  0.091207593424 -0.030690184918
  208  0.087705348607 -0.030183330865
  209  0.084265193849 -0.029671437890
  210  0.080887647223 -0.029155003475
  211  0.077573217375 -0.028634548766
  212  0.074322403447 -0.028110617865
  213  0.071135695000 -0.027583777036
  214  0.068013571939 -0.027054613804
  215  0.064956504446 -0.026523735969
  216  0.061964952902 -0.025991770540
  217  0.059039367826 -0.025459362569
  218  0.056180189799 -0.024927173915
  219  0.053387849402 -0.024395881926
  220  0.050662767153 -0.023866178044
  221  0.048005353438 -0.023338873818
  222  0.045416008455 -0.022818151078
  223  0.042895122148 -0.022304701113
  224  0.040443074155 -0.021796945965
  225  0.038060233744 -0.021293333521
  226  0.035746959763 -0.020792339212
  227  0.033503600583 -0.020292467677
  228  0.031330494044 -0.019792254401
  229  0.029227967408 -0.019290267323
  230  0.027196337310 -0.018785108400
  231  0.025235909703 -0.018275415146
  232  0.023346979823 -0.017759862128
  233  0.021529832134 -0.017237162427
  234  0.019784740292 -0.016706069050
  235  0.018111967102 -0.016165376312
  236  0.016511764478 -0.015613921162
  237  0.014984373403 -0.015050584473
  238  0.013530023897 -0.014474292279
  239  0.012148934981 -0.013884016969
  240  0.010841314640 -0.013278778426
  241  0.009607359798 -0.012657645122
  242  0.008447256284 -0.012019735155
  243  0.007361178806 -0.011364217233
  244  0.006349290921 -0.010690311613
  245  0.005411745018 -0.009997290971
  246  0.004548682286 -0.009284481227
  247  0.003760232701 -0.008551262306
  248  0.003046514999 -0.007797068845
  249  0.002407636664 -0.007021390841
  250  0.001843693909 -0.006223774233
  251  0.001354771661 -0.005403821436
  252  0.000940943550 -0.004561191802
  253  0.000602271897 -0.003695602029
  254  0.000338807706 -0.002806826501
  255  0.000150590652 -0.001894697569
  256  0.000037649080 -0.000959105775
  257  0.000000000000  0.000000000000
  258  0.000037649080  0.000989011176
  259  0.000150590652  0.002013731565
  260  0.000338807706  0.003073920891
  261  0.000602271897  0.004169204684
  262  0.000940943550  0.005299076683
  263  0.001354771661  0.006462902211
  264  0.001843693909  0.007659922491
  265  0.002407636664  0.008889259905
  266  0.003046514999  0.010149924191
  267  0.003760232701  0.011440819555
  268  0.004548682286  0.012760752688
  269  0.005411745018  0.014108441673
  270  0.006349290921  0.015482525771
  271  0.007361178806  0.016881576051
  272  0.008447256284  0.018304106859
  273  0.009607359798  0.019748588091
  274  0.010841314640  0.021213458259
  275  0.012148934981  0.022697138307
  276  0.013530023897  0.024198046165
  277  0.014984373403  0.025714612005
  278  0.016511764478  0.027245294166
  279  0.018111967102  0.028788595725
  280  0.019784740292  0.030343081670
  281  0.021529832134  0.031907396647
  282  0.023346979823  0.033480283242
  283  0.025235909703  0.035060600769
  284  0.027196337310  0.036647344506
  285  0.029227967408  0.038239665368
  286  0.031330494044  0.039836889949
  287  0.033503600583  0.041438540910
  288  0.035746959763  0.043044357661
  289  0.038060233744  0.044654317298
  290  0.040443074155  0.046268655755
  291  0.042895122148  0.047887889112
  292  0.045416008455  0.049512835031
  293  0.048005353438  0.051144634266
  294  0.050662767153  0.052782737004
  295  0.053387849402  0.054423740753
  296  0.056180189799  0.056065373856
  297  0.059039367826  0.057705434122
  298  0.061964952902  0.059341787606
  299  0.064956504446  0.060972373375
  300  0.068013571939  0.062595207926
  301  0.071135695000  0.064208389215
  302  0.074322403447  0.065810100304
  303  0.077573217375  0.067398612601
  304  0.080887647223  0.068972288692
  305  0.084265193849  0.070529584755
  306  0.087705348607  0.072069052537
  307  0.091207593424  0.073589340909
  308  0.094771400874  0.075089196980
  309  0.098396234260  0.076567466780
  310  0.102081547696  0.078023095502
  311  0.105826786187  0.079455127313
  312  0.109631385714  0.080862704739
  313  0.113494773319  0.082245067625
  314  0.117416367189  0.083601551682
  315  0.121395576747  0.084931586629
  316  0.125431802738  0.086234693943
  317  0.129524437323  0.087510484229
  318  0.133672864164  0.088758654227
  319  0.137876458524  0.089978983472
  320  0.142134587358  0.091171330616
  321  0.146446609407  0.092335629454
  322  0.150811875296  0.093471884647
  323  0.155229727631  0.094580167186
  324  0.159699501102  0.095660609607
  325  0.164220522576  0.096713400991
  326  0.168792111205  0.097738781766
  327  0.173413578523  0.098737038341
  328  0.178084228555  0.099708497604
  329  0.182803357918  0.100653521297
  330  0.187570255929  0.101572500319
  331  0.192384204710  0.102465848961
  332  0.197244479298  0.103333999119
  333  0.202150347754  0.104177394512
  334  0.207101071272  0.104996484920
  335  0.212095904291  0.105791720497
  336  0.217134094608  0.106563546160
  337  0.222214883490  0.107312396105
  338  0.227337505789  0.108038688465
  339  0.232501190056  0.108742820137
  340  0.237705158661  0.109425161822
  341  0.242948627903  0.110086053281
  342  0.248230808137  0.110725798845
  343  0.253550903885  0.111344663206
  344  0.258908113960  0.111942867503
  345  0.264301631587  0.112520585730
  346  0.269730644521  0.113077941487
  347  0.275194335173  0.113615005090
  348  0.280691880731  0.114131791065
  349  0.286222453285  0.114628256025
  350  0.291785219951  0.115104296970
  351  0.297379342998  0.115559749996
  352  0.303003979969  0.115994389444
  353  0.308658283817  0.116407927484
  354  0.314341403024  0.116800014152
  355  0.320052481733  0.117170237836
  356  0.325790659875  0.117518126219
  357  0.331555073304  0.117843147677
  358  0.337344853919  0.118144713132
  359  0.343159129801  0.118422178364
  360  0.348997025340  0.118674846757
  361  0.354857661373  0.118901972496
  362  0.360740155307  0.119102764191
  363  0.366643621263  0.119276388914
  364  0.372567170198  0.119421976650
  365  0.378509910048  0.119538625135
  366  0.384470945860  0.119625405062
  367  0.390449379922  0.119681365650
  368  0.396444311904  0.119705540539
  369  0.402454838992  0.119696953995
  370  0.408480056022  0.119654627412
  371  0.414519055620  0.119577586059
  372  0.420570928333  0.119464866071
  373  0.426634762772  0.119315521647
  374  0.432709645746  0.119128632411
  375  0.438794662400  0.118903310930
  376  0.444888896353  0.118638710338
  377  0.450991429835  0.118334032041
  378  0.457101343828  0.117988533467
  379  0.463217718200  0.117601535829
  380  0.469339631849  0.117172431863
  381  0.475466162836  0.116700693511
  382  0.481596388529  0.116185879503
  383  0.487729385739  0.115627642819
  384  0.493864230857  0.115025737979
  385  0.500000000000  0.114380028132
  386  0.506135769143  0.113690491917
  387  0.512270614261  0.112957230047
  388  0.518403611471  0.112180471591
  389  0.524533837164  0.111360579919
  390  0.530660368151  0.110498058278
  391  0.536782281800  0.109593554965
  392  0.542898656172  0.108647868072
  393  0.549008570165  0.107661949766
  394  0.555111103647  0.106636910087
  395  0.561205337600  0.105574020229
  396  0.567290354254  0.104474715279
  397  0.573365237228  0.103340596405
  398  0.579429071667  0.102173432455
  399  0.585480944380  0.100975160956
  400  0.591519943978  0.099747888499
  401  0.597545161008  0.098493890492
  402  0.603555688096  0.097215610264
  403  0.609550620078  0.095915657523
  404  0.615529054140  0.094596806143
  405  0.621490089952  0.093261991293
  406  0.627432829802  0.091914305884
  407  0.633356378737  0.090556996359
  408  0.639259844693  0.089193457802
  409  0.645142338627  0.087827228390
  410  0.651002974660  0.086461983187
  411  0.656840870199  0.085101527286
  412  0.662655146081  0.083749788323
  413  0.668444926696  0.082410808366
  414  0.674209340125  0.081085081139
  415  0.679947518267  0.079753442831
  416  0.685658596976  0.078413785825
  417  0.691341716183  0.077067639938
  418  0.696996020031  0.075716461287
  419  0.702620657002  0.074361633255
  420  0.708214780049  0.073004467590
  421  0.713777546715  0.071646205637
  422  0.719308119269  0.070288019701
  423  0.724805664827  0.068931014523
  424  0.730269355479  0.067576228874
  425  0.735698368413  0.066224637245
  426  0.741091886040  0.064877151640
  427  0.746449096115  0.063534623456
  428  0.751769191863  0.062197845443
  429  0.757051372097  0.060867553738
  430  0.762294841339  0.059544429967
  431  0.767498809944  0.058229103401
  432  0.772662494211  0.056922153164
  433  0.777785116510  0.055624110487
  434  0.782865905392  0.054335460990
  435  0.787904095709  0.053056646996
  436  0.792898928728  0.051788069863
  437  0.797849652246  0.050530092330
  438  0.802755520702  0.049283040868
  439  0.807615795290  0.048047208022
  440  0.812429744071  0.046822854759
  441  0.817196642082  0.045610212786
  442  0.821915771445  0.044409486850
  443  0.826586421477  0.043220857014
  444  0.831207888795  0.042044480894
  445  0.835779477424  0.040880495857
  446  0.840300498898  0.039729021167
  447  0.844770272369  0.038590160094
  448  0.849188124704  0.037464001948
  449  0.853553390593  0.036350624066
  450  0.857865412642  0.035250093723
  451  0.862123541476  0.034162469981
  452  0.866327135836  0.033087805461
  453  0.870475562677  0.032026148029
  454  0.874568197262  0.030977542419
  455  0.878604423253  0.029942031754
  456  0.882583632811  0.028919658989
  457  0.886505226681  0.027910468267
  458  0.890368614286  0.026914506181
  459  0.894173213813  0.025931822940
  460  0.897918452304  0.024962473453
  461  0.901603765740  0.024006518303
  462  0.905228599126  0.023064024640
  463  0.908792406576  0.022135066965
  464  0.912294651393  0.021219727836
  465  0.915734806151  0.020318098457
  466  0.919112352777  0.019430279193
  467  0.922426782625  0.018556379978
  468  0.925677596553  0.017696520636
  469  0.928864305000  0.016850831110
  470  0.931986428061  0.016019451603
  471  0.935043495554  0.015202532635
  472  0.938035047098  0.014400235004
  473  0.940960632174  0.013612729684
  474  0.943819810201  0.012840197623
  475  0.946612150598  0.012082829486
  476  0.949337232847  0.011340825306
  477  0.951994646562  0.010614394079
  478  0.954583991545  0.009903753289
  479  0.957104877852  0.009209128372
  480  0.959556925845  0.008530752119
  481  0.961939766256  0.007868864033
  482  0.964253040237  0.007223709628
  483  0.966496399417  0.006595539690
  484  0.968669505956  0.005984609491
  485  0.970772032592  0.005391177976
  486  0.972803662690  0.004815506909
  487  0.974764090297  0.004257859999
  488  0.976653020177  0.003718502001
  489  0.978470167866  0.003197697800
  490  0.980215259708  0.002695711485
  491  0.981888032898  0.002212805408
  492  0.983488235522  0.001749239251
  493  0.985015626597  0.001305269080
  494  0.986469976103  0.000881146420
  495  0.987851065019  0.000477117326
  496  0.989158685360  0.000093421477
  497  0.990392640202 -0.000269708710
  498  0.991552743716 -0.000612048953
  499  0.992638821194 -0.000933383940
  500  0.993650709079 -0.001233508141
  501  0.994588254982 -0.001512226582
  502  0.995451317714 -0.001769355582
  503  0.996239767299 -0.002004723454
  504  0.996953485001 -0.002218171153
  505  0.997592363336 -0.002409552882
  506  0.998156306091 -0.002578736655
  507  0.998645228339 -0.002725604791
  508  0.999059056450 -0.002850054375
  509  0.999397728103 -0.002951997645
  510  0.999661192294 -0.003031362333
  511  0.999849409348 -0.003088091939
  512  0.999962350920 -0.003122145951
  513  1.000000000000 -0.003133500000
