    1  1.000000000000 -0.003133500000
    2  0.997592363336 -0.002860697513
    3  0.990392640202 -0.002081273623
    4  0.978470167866 -0.000931611449
    5  0.961939766256  0.000311531412
    6  0.940960632174  0.001203730356
    7  0.915734806151  0.001166425037
    8  0.886505226681 -0.000390823490
    9  0.853553390593 -0.003868863335
   10  0.817196642082 -0.009252950012
   11  0.777785116510 -0.015535490959
   12  0.735698368413 -0.021844755296
   13  0.691341716183 -0.027801985943
   14  0.645142338627 -0.033084349307
   15  0.597545161008 -0.037466799383
   16  0.549008570165 -0.040841641481
   17  0.500000000000 -0.043212920256
   18  0.450991429835 -0.044668711291
   19  0.402454838992 -0.045339485812
   20  0.354857661373 -0.045353747894
   21  0.308658283817 -0.044802415563
   22  0.264301631587 -0.043720895495
   23  0.222214883490 -0.042093116368
   24  0.182803357918 -0.039876082930
   25  0.146446609407 -0.037038176068
   26  0.113494773319 -0.033600747616
   27  0.084265193849 -0.029671437890
   28  0.059039367826 -0.025459362569
   29  0.038060233744 -0.021293333521
   30  0.021529832134 -0.017237162427
   31  0.009607359798 -0.012657645122
   32  0.002407636664 -0.007021390841
   33  0.000000000000  0.000000000000
   34  0.002407636664  0.008889259905
   35  0.009607359798  0.019748588091
   36  0.021529832134  0.031907396647
   37  0.038060233744  0.044654317298
   38  0.059039367826  0.057705434122
   39  0.084265193849  0.070529584755
   40  0.113494773319  0.082245067625
   41  0.146446609407  0.092335629454
   42  0.182803357918  0.100653521297
   43  0.222214883490  0.107312396105
   44  0.264301631587  0.112520585730
   45  0.308658283817  0.116407927484
   46  0.354857661373  0.118901972496
   47  0.402454838992  0.119696953995
   48  0.450991429835  0.118334032041
   49  0.500000000000  0.114380028132
   50  0.549008570165  0.107661949766
   51  0.597545161008  0.098493890492
   52  0.645142338627  0.087827228390
   53  0.691341716183  0.077067639938
   54  0.735698368413  0.066224637245
   55  0.777785116510  0.055624110487
   56  0.817196642082  0.045610212786
   57  0.853553390593  0.036350624066
   58  0.886505226681  0.027910468267
   59  0.915734806151  0.020318098457
   60  0.940960632174  0.013612729684
   61  0.961939766256  0.007868864033
   62  0.978470167866  0.003197697800
   63  0.990392640202 -0.000269708710
   64  0.997592363336 -0.002409552882
   65  1.000000000000 -0.003133500000
