    1  1.000000000000 -0.003133500000
    2  0.999397728103 -0.003064733274
    3  0.997592363336 -0.002860697513
    4  0.994588254982 -0.002528538451
    5  0.990392640202 -0.002081273623
    6  0.985015626597 -0.001539227347
    7  0.978470167866 -0.000931611449
    8  0.970772032592 -0.000297881362
    9  0.961939766256  0.000311531412
   10  0.951994646562  0.000835489394
   11  0.940960632174  0.001203730356
   12  0.928864305000  0.001339950742
   13  0.915734806151  0.001166425037
   14  0.901603765740  0.000610009135
   15  0.886505226681 -0.000390823490
   16  0.870475562677 -0.001878460093
   17  0.853553390593 -0.003868863335
   18  0.835779477424 -0.006345379902
   19  0.817196642082 -0.009252950012
   20  0.797849652246 -0.012366504739
   21  0.777785116510 -0.015535490959
   22  0.757051372097 -0.018711152880
   23  0.735698368413 -0.021844755296
   24  0.713777546715 -0.024889446967
   25  0.691341716183 -0.027801985943
   26  0.668444926696 -0.030544234889
   27  0.645142338627 -0.033084349307
   28  0.621490089952 -0.035397600721
   29  0.597545161008 -0.037466799383
   30  0.573365237228 -0.039282305346
   31  0.549008570165 -0.040841641481
   32  0.524533837164 -0.042148745638
   33  0.500000000000 -0.043212920256
   34  0.475466162836 -0.044047555095
   35  0.450991429835 -0.044668711291
   36  0.426634762772 -0.045093661978
   37  0.402454838992 -0.045339485812
   38  0.378509910048 -0.045421804870
   39  0.354857661373 -0.045353747894
   40  0.331555073304 -0.045145204386
   41  0.308658283817 -0.044802415563
   42  0.286222453285 -0.044327925931
   43  0.264301631587 -0.043720895495
   44  0.242948627903 -0.042977749001
   45  0.222214883490 -0.042093116368
   46  0.202150347754 -0.041060999198
   47  0.182803357918 -0.039876082930
   48  0.164220522576 -0.038535103923
   49  0.146446609407 -0.037038176068
   50  0.129524437323 -0.035389982823
   51  0.113494773319 -0.033600747616
   52  0.098396234260 -0.031686908221
   53  0.084265193849 -0.029671437890
   54  0.071135695000 -0.027583777036
   55  0.059039367826 -0.025459362569
   56  0.048005353438 -0.023338873818
   57  0.038060233744 -0.021293333521
   58  0.029227967408 -0.019290267323
   59  0.021529832134 -0.017237162427
   60  0.014984373403 -0.015050584473
   61  0.009607359798 -0.012657645122
   62  0.005411745018 -0.009997290971
   63  0.002407636664 -0.007021390841
   64  0.000602271897 -0.003695602029
   65  0.000000000000  0.000000000000
   66  0.000602271897  0.004169204684
   67  0.002407636664  0.008889259905
   68  0.005411745018  0.014108441673
   69  0.009607359798  0.019748588091
   70  0.014984373403  0.025714612005
   71  0.021529832134  0.031907396647
   72  0.029227967408  0.038239665368
   73  0.038060233744  0.044654317298
   74  0.048005353438  0.051144634266
   75  0.059039367826  0.057705434122
   76  0.071135695000  0.064208389215
   77  0.084265193849  0.070529584755
   78  0.098396234260  0.076567466780
   79  0.113494773319  0.082245067625
   80  0.129524437323  0.087510484229
   81  0.146446609407  0.092335629454
   82  0.164220522576  0.096713400991
   83  0.182803357918  0.100653521297
   84  0.202150347754  0.104177394512
   85  0.222214883490  0.107312396105
   86  0.242948627903  0.110086053281
   87  0.264301631587  0.112520585730
   88  0.286222453285  0.114628256025
   89  0.308658283817  0.116407927484
   90  0.331555073304  0.117843147677
   91  0.354857661373  0.118901972496
   92  0.378509910048  0.119538625135
   93  0.402454838992  0.119696953995
   94  0.426634762772  0.119315521647
   95  0.450991429835  0.118334032041
   96  0.475466162836  0.116700693511
   97  0.500000000000  0.114380028132
   98  0.524533837164  0.111360579919
   99  0.549008570165  0.107661949766
  100  0.573365237228  0.103340596405
  101  0.597545161008  0.098493890492
  102  0.621490089952  0.093261991293
  103  0.645142338627  0.087827228390
  104  0.668444926696  0.082410808366
  105  0.691341716183  0.077067639938
  106  0.713777546715  0.071646205637
  107  0.735698368413  0.066224637245
  108  0.757051372097  0.060867553738
  109  0.777785116510  0.055624110487
  110  0.797849652246  0.050530092330
  111  0.817196642082  0.045610212786
  112  0.835779477424  0.040880495857
  113  0.853553390593  0.036350624066
  114  0.870475562677  0.032026148029
  115  0.886505226681  0.027910468267
  116  0.901603765740  0.024006518303
  117  0.915734806151  0.020318098457
  118  0.928864305000  0.016850831110
  119  0.940960632174  0.013612729684
  120  0.951994646562  0.010614394079
  121  0.961939766256  0.007868864033
  122  0.970772032592  0.005391177976
  123  0.978470167866  0.003197697800
  124  0.985015626597  0.001305269080
  125  0.990392640202 -0.000269708710
  126  0.994588254982 -0.001512226582
  127  0.997592363336 -0.002409552882
  128  0.999397728103 -0.002951997645
  129  1.000000000000 -0.003133500000
